hx=2/64
ht=0.0625

p^=2.3021558437854903
q^=1.1892626236342578

gx=0.0020618883165123363
gt=0.0055306022514515349

rt=3.8258604184154104

---------------------------------------------------------------------------

Start at 64, TE=1.0s

Test:   
    
        8   0.5         0.13348489918578418
        8   0.25        0.12885433930605808
        8   0.125       0.12862611656438699
        8   0.0625      0.12890043990707620

        16  0.5         5.75613694547569624E-002
        16  0.25        3.60434112469702680E-002
        16  0.125       2.88961310421016124E-002
        16  0.0625      2.84151153296688420E-002

        32  0.5         4.71021090233213827E-002        
        32  0.25        2.39149354679556170E-002
        32  0.125       1.32408359404390420E-002
        32  0.0625      8.44759744125281667E-003

        64  0.5         4.60749186354987156E-002
        64  0.25        2.22755453672783127E-002
        64  0.125       1.09810416263728481E-002
        64  0.0625      5.69123632933627409E-003

        128 0.5         4.60858062451092176E-002
        128 0.25        2.21990343704127450E-002
        128 0.125       1.07551772296466674E-002
        128 0.0625      

-------------------------------------------------------------------------------------

setting 32,0.0625

p^=2.3312579064956882
gx=0.0049517217000736536

q^=1.1550417368491017
gx=0.0039067638564150775

TE=0.125

        hx   ht              ERR                         pq^
        32   0.0625          1.67582264349951486E-002
        64   0.015625        4.41834118871322311E-003    1.9232927386353276
        128  0.00390625      1.11517924567996834E-003    1.9862292124099723
        256  0.0009765625    2.70705849688271719E-004    2.0424776487056673
        512  0.000244140625

        
 
